Dortmund

9.4516
11.4035
11.2676
10.0
8.4524
9.4667
10.0685
7.4545
8.5333
10.4938
13.6286
6.9156
7.7419
9.4504
9.8
8.5133
9.2
6.6624
11.1682
7.7759
8.5
10.7059
7.6162
10.0
9.3333
10.6111
10.7531
8.8333
9.8383
10.5984
10.7407
9.3151
10.3077
7.973
9.5833
8.5616
10.5263
9.6627
9.9206
12.0896
10.7273
8.9655
9.9658
9.5205
8.8889
9.1667
7.3767
8.2996
10.1114
10.3448

Bochum:

7.0846
8.1883
8.7143
9.2135
9.5
5.8426
9.8333
7.9091
7.6923
9.0566
10.3333
8.8333
12.2981
9.7
8.3098
9.0196
9.6071
8.2715
11.6
9.2199
9.7414
8.5109
8.2913
8.9465
9.2857
12.7143
9.2857
9.1465
8.5865
8.154
10.0
8.8571
9.2561
9.4624
10.0357
8.6436
9.494
7.9063
6.8168
7.5385
12.3271
9.7484
8.5
10.0
9.7297
9.6515
8.629
10.5833
10.1266
7.3239

Duisburg:

6.8889
10.0395
7.7614
6.8162
9.2308
8.7218
9.2941
8.674
8.0
6.7063
7.2692
7.5283
7.2842
8.8402
8.5325
7.5
9.8596
8.6154
9.5007
8.1514
7.2655
9.6719
8.014
8.6645
7.75
8.8397
7.963
11.0062
6.6667
7.1599
8.75
9.7729
11.1028
10.8452
8.5849
8.8451
8.3795
9.2015
9.8333
9.6522
7.6974
8.9522
9.2063
7.1667
8.6613
10.3137
7.8009
9.691
8.5287
9.8571

Essen:

11.4114
8.234
9.1042
9.3056
11.0927
8.0
9.6988
8.4127
8.2353
7.8205
9.0806
8.2031
8.6667
11.4391
9.25
12.2826
8.2667
9.8873
8.7143
9.5312
6.25
10.2642
9.8197
9.939
10.1455
9.7491
9.467
8.8604
8.0
9.6429
10.2222
10.2778
8.5211
9.8667
8.075
8.9041
10.1538
8.169
8.7097
8.8767
10.5097
10.9615
9.4333
9.0161
10.2084
7.7803
8.6806
9.6575
11.132
7.0
